L,f
4351.1321686659,2.075029E-18
4353.13590113671,4.052359E-17
4355.13963360751,-1.442810E-17
4357.14336607832,1.660041E-17
4359.14709854913,5.719153E-17
4361.15083101993,8.212151E-17
4363.15456349074,4.517782E-17
4365.15829596155,-1.388062E-17
4367.16202843236,2.603843E-17
4369.16576090316,1.639596E-17
4371.16949337397,3.863292E-17
4373.17322584478,1.404040E-17
4375.17695831558,2.242444E-17
4377.18069078639,2.258569E-17
4379.1844232572,4.509525E-18
4381.188155728,3.054814E-18
4383.19188819881,6.748615E-18
4385.19562066962,3.555830E-17
4387.19935314042,1.329745E-17
4389.20308561123,4.784198E-17
4391.20681808204,2.213675E-17
4393.21055055284,2.455035E-17
4395.21428302365,2.734364E-17
4397.21801549446,6.582798E-18
4399.22174796526,-8.735023E-18
4401.22548043607,1.431403E-17
4403.22921290688,4.998555E-17
4405.23294537768,2.523135E-17
4407.23667784849,3.850871E-17
4409.2404103193,5.008310E-17
4411.24414279011,1.430412E-17
4413.24787526091,-1.098497E-17
4415.25160773172,3.050631E-17
4417.25534020253,1.519478E-17
4419.25907267333,4.008356E-17
4421.26280514414,5.535326E-17
4423.26653761495,2.187898E-17
4425.27027008575,2.973877E-17
4427.27400255656,3.385328E-17
4429.27773502736,2.231784E-17
4431.28146749817,4.203358E-17
4433.28519996898,6.893889E-17
4435.28893243979,1.052685E-16
4437.29266491059,4.984885E-17
4439.2963973814,9.749462E-17
4441.30012985221,8.144518E-17
4443.30386232301,4.277169E-17
4445.30759479382,2.978396E-18
4447.31132726463,6.120082E-18
4449.31505973544,6.044184E-18
4451.31879220624,4.682905E-17
4453.32252467705,-4.326085E-18
4455.32625714785,3.741718E-17
4457.32998961866,5.009664E-17
4459.33372208947,2.208160E-18
4461.33745456027,3.322291E-17
4463.34118703108,5.428905E-17
4465.34491950189,6.619086E-18
4467.34865197269,2.407628E-17
4469.3523844435,1.584637E-17
4471.35611691431,5.570389E-18
4473.35984938511,2.104303E-17
4475.36358185592,3.038679E-17
4477.36731432673,1.507550E-17
4479.37104679754,3.522492E-17
4481.37477926834,8.046459E-18
4483.37851173915,-1.890019E-17
4485.38224420996,-2.330897E-17
4487.38597668076,2.886859E-17
4489.38970915157,1.438991E-17
4491.39344162238,-2.013610E-18
4493.39717409318,6.603713E-18
4495.40090656399,1.979254E-17
4497.4046390348,7.155683E-19
4499.4083715056,9.159014E-18
4501.41210397641,7.571786E-18
4503.41583644722,1.893582E-17
4505.41956891802,4.323169E-17
4507.42330138883,4.018441E-17
4509.42703385964,-9.220274E-18
4511.43076633044,8.582363E-18
4513.43449880125,2.492604E-17
4515.43823127206,4.916050E-17
4517.44196374287,1.219460E-17
4519.44569621367,8.972973E-18
4521.44942868448,3.435041E-17
4523.45316115529,2.861362E-17
4525.45689362609,8.058045E-18
4527.4606260969,-2.776705E-17
4529.46435856771,-8.897505E-19
4531.46809103851,1.077905E-17
4533.47182350932,4.842939E-17
4535.47555598013,3.397364E-17
4537.47928845093,4.130069E-17
4539.48302092174,4.988552E-17
4541.48675339255,6.376189E-17
4543.49048586335,9.535193E-18
4545.49421833416,1.336067E-17
4547.49795080497,1.398131E-17
4549.50168327577,1.564726E-17
4551.50541574658,2.018901E-17
4553.50914821739,5.916290E-17
4555.51288068819,4.861624E-17
4557.516613159,1.942802E-17
4559.52034562981,4.434302E-17
4561.52407810061,1.798396E-17
4563.52781057142,3.810831E-18
4565.53154304223,3.955759E-17
4567.53527551304,9.476267E-18
4569.53900798384,-1.256687E-17
4571.54274045465,9.338599E-18
4573.54647292546,1.452067E-17
4575.55020539626,1.544964E-17
4577.55393786707,1.357215E-18
4579.55767033788,4.954393E-18
4581.56140280868,2.160329E-17
4583.56513527949,-3.361688E-19
4585.5688677503,-3.762955E-18
4587.5726002211,9.539269E-18
4589.57633269191,4.907022E-18
4591.58006516272,3.149882E-18
4593.58379763352,3.971042E-17
4595.58753010433,3.007767E-17
4597.59126257514,-4.922290E-18
4599.59499504594,1.058161E-17
4601.59872751675,-1.186898E-17
4603.60245998756,4.564212E-17
4605.60619245836,5.359308E-17
4607.60992492917,1.289378E-17
4609.61365739998,3.022998E-17
4611.61738987079,1.648909E-17
4613.62112234159,1.351928E-17
4615.6248548124,3.107933E-17
4617.62858728321,1.522205E-17
4619.63231975401,-3.472295E-18
4621.63605222482,1.913521E-17
4623.63978469562,1.609757E-17
4625.64351716643,8.518153E-18
4627.64724963724,-9.196216E-18
4629.65098210805,1.081530E-17
4631.65471457885,1.837659E-17
4633.65844704966,-2.697996E-18
4635.66217952047,4.579741E-17
4637.66591199127,1.608276E-17
4639.66964446208,1.366170E-17
4641.67337693289,1.778079E-17
4643.67710940369,8.280947E-19
4645.6808418745,1.535887E-17
4647.68457434531,3.058094E-17
4649.68830681611,3.490367E-17
4651.69203928692,1.711740E-17
4653.69577175773,3.847320E-18
4655.69950422854,4.503625E-18
4657.70323669934,1.484773E-17
4659.70696917015,2.410358E-17
4661.71070164095,2.749428E-17
4663.71443411176,6.178617E-18
4665.71816658257,1.155406E-18
4667.72189905337,3.027083E-17
4669.72563152418,3.921487E-17
4671.72936399499,1.415087E-17
4673.7330964658,6.004880E-19
4675.7368289366,-5.853583E-18
4677.74056140741,4.213512E-18
4679.74429387822,1.278561E-17
4681.74802634902,1.183677E-17
4683.75175881983,6.232870E-18
4685.75549129064,3.022041E-17
4687.75922376144,4.173419E-17
4689.76295623225,6.039310E-17
4691.76668870306,1.772594E-17
4693.77042117386,7.156858E-18
4695.77415364467,1.106060E-17
4697.77788611548,1.552550E-17
4699.78161858628,1.537195E-17
4701.78535105709,1.807677E-17
4703.7890835279,3.245496E-18
4705.7928159987,-8.248473E-18
4707.79654846951,3.162731E-18
4709.80028094032,5.947860E-19
4711.80401341112,3.757519E-18
4713.80774588193,1.108872E-17
4715.81147835274,1.474952E-17
4717.81521082354,1.680975E-17
4719.81894329435,5.090422E-18
4721.82267576516,2.289342E-17
4723.82640823597,1.774133E-17
4725.83014070677,1.241057E-17
4727.83387317758,2.990048E-17
4729.83760564839,-1.022505E-18
4731.84133811919,-8.954884E-18
4733.84507059,9.070408E-18
4735.84880306081,1.912867E-17
4737.85253553161,8.544453E-18
4739.85626800242,1.465041E-17
4741.86000047323,1.108901E-17
4743.86373294403,4.180234E-18
4745.86746541484,2.259046E-17
4747.87119788565,7.658500E-18
4749.87493035645,2.951375E-17
4751.87866282726,2.691119E-17
4753.88239529807,2.315524E-17
4755.88612776887,2.414060E-17
4757.88986023968,1.371579E-17
4759.89359271049,6.350531E-18
4761.8973251813,4.554875E-18
4763.9010576521,1.052108E-17
4765.90479012291,2.004815E-17
4767.90852259371,2.403037E-19
4769.91225506452,1.727811E-17
4771.91598753533,4.179642E-17
4773.91972000614,2.639109E-17
4775.92345247694,9.556407E-18
4777.92718494775,1.886844E-17
4779.93091741856,3.215063E-17
4781.93464988936,1.299769E-17
4783.93838236017,5.748356E-18
4785.94211483098,9.014748E-18
4787.94584730178,3.412818E-18
4789.94957977259,7.370502E-18
4791.9533122434,3.241988E-17
4793.9570447142,3.944961E-17
4795.96077718501,2.143897E-17
4797.96450965582,2.080659E-17
4799.96824212662,2.600895E-17
4801.97197459743,1.005027E-17
4803.97570706824,1.425518E-17
4805.97943953904,1.180052E-17
4807.98317200985,2.292955E-17
4809.98690448066,1.425954E-17
4811.99063695147,8.982267E-18
4813.99436942227,1.120147E-19
4815.99810189308,8.763017E-18
4818.00183436389,8.652267E-18
4820.00556683469,1.552848E-17
4822.0092993055,2.650853E-17
4824.01303177631,2.575325E-17
4826.01676424711,7.413910E-17
4828.02049671792,1.204913E-16
4830.02422918873,1.985912E-16
4832.02796165953,2.144896E-16
4834.03169413034,2.122277E-16
4836.03542660115,1.730607E-16
4838.03915907195,9.113658E-17
4840.04289154276,1.394262E-17
4842.04662401357,2.251515E-17
4844.05035648437,9.971561E-18
4846.05408895518,2.287473E-17
4848.05782142599,2.358173E-17
4850.06155389679,3.115049E-17
4852.0652863676,1.675112E-17
4854.06901883841,-5.862301E-18
4856.07275130922,2.970093E-17
4858.07648378002,2.556810E-17
4860.08021625083,1.463366E-17
4862.08394872164,4.493925E-18
4864.08768119244,-1.267219E-18
4866.09141366325,8.848099E-19
4868.09514613406,2.105661E-17
4870.09887860486,3.305983E-17
4872.10261107567,3.026063E-17
4874.10634354648,2.593653E-17
4876.11007601728,2.113061E-17
4878.11380848809,2.726993E-17
4880.1175409589,3.228178E-17
4882.1212734297,1.938055E-17
4884.12500590051,1.335155E-17
4886.12873837132,8.957191E-18
4888.13247084212,-3.012262E-18
4890.13620331293,8.303749E-18
4892.13993578374,1.630101E-17
4894.14366825454,2.452708E-17
4896.14740072535,1.141180E-17
4898.15113319616,6.604744E-18
4900.15486566696,1.911765E-17
4902.15859813777,2.695578E-17
4904.16233060858,3.116334E-17
4906.16606307938,2.360463E-17
4908.16979555019,1.649168E-17
4910.173528021,9.507677E-18
4912.1772604918,8.406921E-18
4914.18099296261,1.117307E-17
4916.18472543342,1.050887E-17
4918.18845790423,1.116697E-17
4920.19219037503,2.050307E-17
4922.19592284584,1.134918E-17
4924.19965531665,2.642730E-17
4926.20338778745,2.380662E-17
4928.20712025826,9.848819E-18
4930.21085272907,7.507545E-18
4932.21458519987,1.354764E-17
4934.21831767068,1.450910E-17
4936.22205014149,1.045424E-17
4938.22578261229,9.037572E-18
4940.2295150831,9.583744E-18
4942.23324755391,2.609519E-17
4944.23698002471,1.708971E-17
4946.24071249552,3.729619E-18
4948.24444496633,1.899242E-17
4950.24817743713,1.144897E-17
4952.25190990794,2.896425E-17
4954.25564237875,2.667826E-17
4956.25937484955,2.379377E-17
4958.26310732036,1.361459E-17
4960.26683979117,9.595581E-18
4962.27057226198,-2.897077E-19
4964.27430473278,1.183169E-17
4966.27803720359,2.360646E-17
4968.28176967439,2.204175E-17
4970.2855021452,3.243936E-17
4972.28923461601,3.572134E-17
4974.29296708682,3.023234E-17
4976.29669955762,1.572583E-17
4978.30043202843,9.170903E-18
4980.30416449924,5.772854E-18
4982.30789697004,5.966105E-18
4984.31162944085,3.333255E-17
4986.31536191166,3.600058E-17
4988.31909438246,7.041874E-18
4990.32282685327,7.067868E-18
4992.32655932408,1.986773E-17
4994.33029179488,3.510752E-17
4996.33402426569,1.963260E-17
4998.3377567365,2.319503E-17
5000.34148920731,2.635689E-17
5002.34522167811,1.522292E-17
5004.34895414892,2.303289E-17
5006.35268661972,2.836735E-17
5008.35641909053,3.742317E-17
5010.36015156134,4.749897E-17
5012.36388403215,8.867872E-17
5014.36761650295,1.037797E-16
5016.37134897376,1.108193E-16
5018.37508144457,7.450511E-17
5020.37881391537,6.142363E-17
5022.38254638618,3.271237E-17
5024.38627885699,1.222688E-17
5026.39001132779,7.472125E-18
5028.3937437986,2.042677E-17
5030.39747626941,1.348203E-17
5032.40120874021,8.577291E-18
5034.40494121102,2.031224E-17
5036.40867368183,1.142168E-17
5038.41240615263,1.231940E-17
5040.41613862344,2.930120E-17
5042.41987109425,2.204716E-17
5044.42360356505,1.984604E-17
5046.42733603586,2.492641E-17
5048.43106850667,3.301014E-17
5050.43480097747,2.801389E-17
5052.43853344828,2.067200E-17
5054.44226591909,2.197902E-17
5056.4459983899,1.126758E-17
5058.4497308607,1.605811E-17
5060.45346333151,1.733241E-17
5062.45719580232,1.935119E-17
5064.46092827312,2.172835E-17
5066.46466074393,1.461029E-17
5068.46839321474,2.260602E-17
5070.47212568554,5.610652E-18
5072.47585815635,5.550141E-18
5074.47959062716,2.810834E-17
5076.48332309796,1.886027E-17
5078.48705556877,1.791602E-17
5080.49078803958,1.795476E-17
5082.49452051038,1.943968E-17
5084.49825298119,2.259671E-17
5086.501985452,2.300472E-17
5088.5057179228,1.101737E-17
5090.50945039361,9.878394E-18
5092.51318286442,1.946167E-17
5094.51691533523,1.877709E-17
5096.52064780603,3.327962E-17
5098.52438027684,1.312371E-17
5100.52811274765,9.342180E-18
5102.53184521845,2.045301E-17
5104.53557768926,1.389864E-17
5106.53931016006,7.289718E-18
5108.54304263087,1.533478E-17
5110.54677510168,1.503428E-17
5112.55050757249,2.129168E-17
5114.55424004329,3.310959E-17
5116.5579725141,1.346203E-17
5118.56170498491,1.345936E-17
5120.56543745571,2.177197E-17
5122.56916992652,2.351522E-17
5124.57290239733,2.145981E-17
5126.57663486813,6.958466E-18
5128.58036733894,7.167201E-18
5130.58409980975,2.873495E-17
5132.58783228056,1.712975E-17
5134.59156475136,1.118723E-17
5136.59529722217,1.424453E-17
5138.59902969297,1.898417E-17
5140.60276216378,4.013116E-17
5142.60649463459,5.507689E-17
5144.61022710539,5.211056E-17
5146.6139595762,4.414386E-17
5148.61769204701,1.793766E-17
5150.62142451782,1.937792E-17
5152.62515698862,2.187886E-17
5154.62888945943,2.757157E-18
5156.63262193024,6.215681E-18
5158.63635440104,2.185498E-17
5160.64008687185,2.111283E-17
5162.64381934265,2.124828E-17
5164.64755181346,2.614090E-17
5166.65128428427,2.307353E-17
5168.65501675508,1.569292E-17
5170.65874922588,2.981959E-17
5172.66248169669,2.723261E-17
5174.66621416749,1.709329E-17
5176.6699466383,2.254650E-17
5178.67367910911,1.522359E-17
5180.67741157992,1.543349E-17
5182.68114405072,1.342129E-17
5184.68487652153,2.056964E-17
5186.68860899234,3.672860E-17
5188.69234146314,1.818567E-17
5190.69607393395,1.140160E-17
5192.69980640476,1.457716E-17
5194.70353887556,3.083814E-17
5196.70727134637,3.924335E-17
5198.71100381718,1.585946E-17
5200.71473628799,1.906903E-17
5202.71846875879,1.738147E-17
5204.7222012296,1.318605E-17
5206.7259337004,2.344908E-17
5208.72966617121,1.986854E-17
5210.73339864202,4.057867E-17
5212.73713111282,2.972816E-17
5214.74086358363,1.762403E-17
5216.74459605444,1.482824E-17
5218.74832852525,2.281998E-17
5220.75206099605,2.461093E-17
5222.75579346686,2.973292E-17
5224.75952593767,1.715896E-17
5226.76325840847,2.275533E-17
5228.76699087928,2.736831E-17
5230.77072335009,2.573604E-17
5232.77445582089,2.611019E-17
5234.7781882917,2.629326E-17
5236.78192076251,2.974199E-17
5238.78565323331,2.704394E-17
5240.78938570412,1.398653E-17
5242.79311817493,2.045785E-17
5244.79685064573,3.076247E-17
5246.80058311654,4.165958E-17
5248.80431558735,3.729348E-17
5250.80804805815,2.575867E-17
5252.81178052896,1.698989E-17
5254.81551299977,3.283893E-17
5256.81924547057,3.150577E-17
5258.82297794138,1.969354E-17
5260.82671041219,1.553889E-17
5262.83044288299,2.281404E-17
5264.8341753538,1.336751E-17
5266.83790782461,1.799643E-17
5268.84164029542,1.885498E-17
5270.84537276622,1.578093E-17
5272.84910523703,2.664332E-17
5274.85283770784,2.640697E-17
5276.85657017864,2.391943E-17
5278.86030264945,2.275377E-17
5280.86403512026,2.345568E-17
5282.86776759106,2.572358E-17
5284.87150006187,2.404391E-17
5286.87523253268,1.381046E-17
5288.87896500348,2.361367E-17
5290.88269747429,2.741307E-17
5292.8864299451,2.221201E-17
5294.8901624159,2.455471E-17
5296.89389488671,2.804797E-17
5298.89762735752,2.194687E-17
5300.90135982832,1.519164E-17
5302.90509229913,2.966604E-17
5304.90882476994,3.314689E-17
5306.91255724075,1.600438E-17
5308.91628971155,2.646952E-17
5310.92002218236,1.789634E-17
5312.92375465317,1.911583E-17
5314.92748712397,2.080447E-17
5316.93121959478,4.158293E-17
5318.93495206559,3.148100E-17
5320.93868453639,2.612646E-17
5322.9424170072,2.470962E-17
5324.94614947801,1.192081E-17
5326.94988194881,1.405669E-17
5328.95361441962,3.280134E-17
5330.95734689043,2.115646E-17
5332.96107936123,2.604117E-17
5334.96481183204,2.573180E-17
5336.96854430285,2.791137E-17
5338.97227677365,3.010432E-17
5340.97600924446,2.933339E-17
5342.97974171527,2.749399E-17
5344.98347418607,2.149964E-17
5346.98720665688,2.190404E-17
5348.99093912769,2.613481E-17
5350.9946715985,2.493497E-17
5352.9984040693,2.302577E-17
5355.00213654011,1.330583E-17
5357.00586901092,1.642745E-17
5359.00960148172,3.139190E-17
5361.01333395253,2.940112E-17
5363.01706642333,2.010817E-17
5365.02079889414,1.586255E-17
5367.02453136495,1.456661E-17
5369.02826383576,1.672863E-17
5371.03199630656,1.851077E-17
5373.03572877737,1.766389E-17
5375.03946124818,1.799402E-17
5377.04319371898,1.413168E-17
5379.04692618979,1.646057E-17
5381.0506586606,1.334995E-17
5383.0543911314,1.050751E-17
5385.05812360221,2.003492E-17
5387.06185607302,2.831640E-17
5389.06558854382,2.129921E-17
5391.06932101463,9.746032E-18
5393.07305348544,1.301057E-17
5395.07678595624,2.216781E-17
5397.08051842705,2.011627E-17
5399.08425089786,1.808781E-17
5401.08798336866,2.587558E-17
5403.09171583947,3.025270E-17
5405.09544831028,3.390582E-17
5407.09918078109,2.701064E-17
5409.10291325189,2.418116E-17
5411.1066457227,2.235072E-17
5413.1103781935,1.874019E-17
5415.11411066431,2.298751E-17
5417.11784313512,1.947140E-17
5419.12157560593,1.506778E-17
5421.12530807673,2.474478E-17
5423.12904054754,1.920963E-17
5425.13277301835,2.102082E-17
5427.13650548915,1.999040E-17
5429.14023795996,1.757806E-17
5431.14397043077,1.410735E-17
5433.14770290157,1.924889E-17
5435.15143537238,1.096528E-17
5437.15516784319,2.114371E-17
5439.15890031399,1.593255E-17
5441.1626327848,2.741347E-17
5443.16636525561,2.436057E-17
5445.17009772641,7.985205E-18
5447.17383019722,1.197461E-17
5449.17756266803,1.634931E-17
5451.18129513883,7.409982E-18
5453.18502760964,9.275298E-18
5455.18876008045,1.510761E-17
5457.19249255125,3.827269E-17
5459.19622502206,2.074050E-17
5461.19995749287,8.421588E-18
5463.20368996368,1.775277E-17
5465.20742243448,2.012349E-17
5467.21115490529,1.452096E-17
5469.2148873761,3.138395E-17
5471.2186198469,2.778811E-17
5473.22235231771,1.365153E-17
5475.22608478852,9.890169E-18
5477.22981725932,1.999288E-17
5479.23354973013,1.581614E-17
5481.23728220094,1.249966E-17
5483.24101467174,2.394086E-17
5485.24474714255,2.567233E-17
5487.24847961336,2.347790E-17
5489.25221208416,2.172701E-17
5491.25594455497,1.592589E-17
5493.25967702578,1.461769E-17
5495.26340949658,7.213667E-18
5497.26714196739,1.185149E-17
5499.2708744382,2.721691E-17
5501.27460690901,2.602639E-17
5503.27833937981,1.717068E-17
5505.28207185062,2.227206E-17
5507.28580432143,2.776131E-17
5509.28953679223,1.876554E-17
5511.29326926304,1.330404E-17
5513.29700173385,1.638924E-17
5515.30073420465,2.231957E-17
5517.30446667546,2.085837E-17
5519.30819914626,1.801288E-17
5521.31193161707,1.372182E-17
5523.31566408788,1.943339E-17
5525.31939655869,1.948454E-17
5527.32312902949,2.562450E-17
5529.3268615003,2.018449E-17
5531.33059397111,1.787214E-17
5533.33432644191,2.416693E-17
5535.33805891272,1.764439E-17
5537.34179138353,3.290553E-17
5539.34552385433,3.010542E-17
5541.34925632514,2.397146E-17
5543.35298879595,2.220419E-17
5545.35672126675,1.327837E-17
5547.36045373756,1.726907E-17
5549.36418620837,1.427426E-17
5551.36791867917,1.660849E-17
5553.37165114998,2.801056E-17
5555.37538362079,3.525173E-17
5557.37911609159,2.076898E-17
5559.3828485624,1.732929E-17
5561.38658103321,2.147721E-17
5563.39031350401,1.547687E-17
5565.39404597482,2.834252E-17
5567.39777844563,2.017690E-17
5569.40151091644,1.223154E-17
5571.40524338724,1.506076E-17
5573.40897585805,4.354222E-18
5575.41270832886,7.838511E-18
5577.41644079966,1.646639E-17
5579.42017327047,1.932823E-17
5581.42390574128,2.056642E-17
5583.42763821208,2.855221E-17
5585.43137068289,1.936828E-17
5587.4351031537,3.986705E-18
5589.4388356245,9.208356E-18
5591.44256809531,1.525339E-17
5593.44630056612,1.181154E-17
5595.45003303692,9.646294E-18
5597.45376550773,2.533976E-17
5599.45749797854,2.218610E-17
5601.46123044934,1.359906E-17
5603.46496292015,2.488813E-17
5605.46869539096,2.693528E-17
5607.47242786176,1.552650E-17
5609.47616033257,2.940140E-17
5611.47989280338,1.774265E-17
5613.48362527418,2.800498E-17
5615.48735774499,2.645198E-17
5617.4910902158,2.665051E-17
5619.49482268661,1.904021E-17
5621.49855515741,2.634270E-17
5623.50228762822,3.084053E-17
5625.50602009903,5.520217E-17
5627.50975256983,6.704395E-17
5629.51348504064,4.236448E-17
5631.51721751145,3.107249E-17
5633.52094998225,1.686817E-17
5635.52468245306,1.725918E-17
5637.52841492387,2.549005E-17
5639.53214739467,2.228107E-17
5641.53587986548,1.539996E-17
5643.53961233629,2.542004E-17
5645.54334480709,2.087967E-17
5647.5470772779,2.334285E-17
5649.55080974871,2.851385E-17
5651.55454221951,3.537508E-17
5653.55827469032,3.470351E-17
5655.56200716113,4.212424E-17
5657.56573963193,5.440221E-17
5659.56947210274,4.233477E-17
5661.57320457355,3.396268E-17
5663.57693704436,2.910071E-17
5665.58066951516,1.981160E-17
5667.58440198597,2.050982E-17
5669.58813445678,2.586030E-17
5671.59186692758,3.217624E-17
5673.59559939839,3.303132E-17
5675.5993318692,3.726726E-17
5677.60306434,1.888669E-17
5679.60679681081,1.682505E-17
5681.61052928162,1.594094E-17
5683.61426175242,3.398166E-17
5685.61799422323,3.090498E-17
5687.62172669404,6.963913E-18
5689.62545916484,1.740591E-17
5691.62919163565,3.151341E-17
5693.63292410646,3.302041E-17
5695.63665657726,1.973976E-17
5697.64038904807,3.576196E-17
5699.64412151888,2.650754E-17
5701.64785398968,1.532600E-17
5703.65158646049,1.713922E-17
5705.6553189313,2.237998E-17
5707.6590514021,1.709260E-17
5709.66278387291,2.756261E-17
5711.66651634372,2.813094E-17
5713.67024881453,2.772052E-17
5715.67398128533,2.785748E-17
5717.67771375614,2.403160E-17
5719.68144622695,2.289790E-17
5721.68517869775,2.065263E-17
5723.68891116856,1.767792E-17
5725.69264363937,2.762288E-17
5727.69637611017,2.554436E-17
5729.70010858098,4.511548E-18
5731.70384105179,1.452650E-17
5733.70757352259,2.612277E-17
5735.7113059934,1.758283E-17
5737.71503846421,2.288947E-17
5739.71877093501,2.929680E-17
5741.72250340582,3.188851E-17
5743.72623587663,3.303509E-17
5745.72996834744,2.053180E-17
5747.73370081824,1.950129E-17
5749.73743328905,2.873926E-17
5751.74116575986,3.495434E-17
5753.74489823066,1.611353E-17
5755.74863070147,1.577129E-17
5757.75236317228,3.057139E-17
5759.75609564308,1.951009E-17
5761.75982811389,3.141731E-17
5763.76356058469,2.744635E-17
5765.7672930555,2.004429E-17
5767.77102552631,3.251256E-17
5769.77475799711,3.038423E-17
5771.77849046792,1.744897E-17
5773.78222293873,3.007685E-17
5775.78595540954,2.485273E-17
5777.78968788034,1.087065E-17
5779.79342035115,1.294858E-17
5781.79715282196,1.361673E-17
5783.80088529276,1.923838E-17
5785.80461776357,1.950611E-17
5787.80835023438,1.735334E-17
5789.81208270518,2.291853E-17
5791.81581517599,2.307965E-17
5793.8195476468,2.420587E-17
5795.82328011761,1.944493E-17
5797.82701258841,2.376319E-17
5799.83074505922,1.817214E-17
5801.83447753002,1.545198E-17
5803.83821000083,3.076999E-17
5805.84194247164,3.075743E-17
5807.84567494244,2.574898E-17
5809.84940741325,2.984083E-17
5811.85313988406,2.748383E-17
5813.85687235487,1.602804E-17
5815.86060482567,2.450776E-17
5817.86433729648,1.170447E-17
5819.86806976729,1.088709E-17
5821.87180223809,2.850588E-17
5823.8755347089,1.567630E-17
5825.87926717971,1.175774E-17
5827.88299965051,1.192058E-17
5829.88673212132,2.324000E-17
5831.89046459213,2.879159E-17
5833.89419706294,2.715323E-17
5835.89792953374,2.363055E-17
5837.90166200455,3.289309E-17
5839.90539447535,2.789342E-17
5841.90912694616,1.279768E-17
5843.91285941697,1.594587E-17
5845.91659188777,1.904092E-17
5847.92032435858,2.890756E-17
5849.92405682939,2.519624E-17
5851.92778930019,1.761159E-17
5853.931521771,2.582329E-17
5855.93525424181,1.266124E-17
5857.93898671261,1.600847E-17
5859.94271918342,2.963021E-17
5861.94645165423,3.166890E-17
5863.95018412504,3.456859E-17
5865.95391659584,2.877728E-17
5867.95764906665,2.412719E-17
5869.96138153746,2.242061E-17
5871.96511400826,2.716662E-17
5873.96884647907,3.593409E-17
5875.97257894988,2.530625E-17
5877.97631142068,2.774531E-17
5879.98004389149,1.956844E-17
5881.9837763623,1.949245E-17
5883.9875088331,1.444396E-17
5885.99124130391,-9.378880E-19
5887.99497377472,2.101517E-17
5889.99870624552,2.577045E-17
5892.00243871633,2.437856E-17
5894.00617118714,4.200764E-17
5896.00990365794,4.201916E-17
5898.01363612875,4.198778E-17
5900.01736859956,3.880273E-17
5902.02110107037,2.138729E-17
5904.02483354117,1.889408E-17
5906.02856601198,2.647604E-17
5908.03229848279,2.963988E-17
5910.03603095359,2.837448E-17
5912.0397634244,1.969057E-17
5914.04349589521,1.903138E-17
5916.04722836601,2.672263E-17
5918.05096083682,3.577709E-17
5920.05469330763,2.977247E-17
5922.05842577843,2.654336E-17
5924.06215824924,2.630446E-17
5926.06589072005,3.760777E-17
5928.06962319085,3.686695E-17
5930.07335566166,2.326371E-17
5932.07708813247,2.647615E-17
5934.08082060327,2.620197E-17
5936.08455307408,2.052397E-17
5938.08828554489,1.956243E-17
5940.09201801569,2.228846E-17
5942.0957504865,1.349356E-17
5944.09948295731,2.060602E-17
5946.10321542811,2.970887E-17
5948.10694789892,2.940974E-17
5950.11068036973,2.721177E-17
5952.11441284054,1.747830E-17
5954.11814531134,2.335459E-17
5956.12187778215,3.145691E-17
5958.12561025295,2.174310E-17
5960.12934272376,1.066459E-17
5962.13307519457,2.065710E-17
5964.13680766537,3.377354E-17
5966.14054013618,2.758085E-17
5968.14427260699,1.936355E-17
5970.1480050778,2.260032E-17
5972.1517375486,3.306405E-17
5974.15547001941,1.831711E-17
5976.15920249022,2.553733E-17
5978.16293496102,2.020296E-17
5980.16666743183,1.734244E-17
5982.17039990264,1.759723E-17
5984.17413237344,2.528293E-17
5986.17786484425,2.673370E-17
5988.18159731506,2.258616E-17
5990.18532978587,2.286940E-17
5992.18906225667,2.345568E-17
5994.19279472748,4.057626E-17
5996.19652719828,4.125832E-17
5998.20025966909,2.801275E-17
6000.2039921399,2.406000E-17
6002.2077246107,2.134725E-17
6004.21145708151,2.224670E-17
6006.21518955232,1.802547E-17
6008.21892202313,2.282174E-17
6010.22265449393,2.911033E-17
6012.22638696474,1.733214E-17
6014.23011943554,2.311301E-17
6016.23385190635,3.215861E-17
6018.23758437716,2.797058E-17
6020.24131684797,3.193585E-17
6022.24504931877,2.560954E-17
6024.24878178958,2.637806E-17
6026.25251426039,2.361133E-17
6028.25624673119,2.830330E-17
6030.259979202,2.312815E-17
6032.26371167281,2.649390E-17
6034.26744414361,2.946657E-17
6036.27117661442,3.089234E-17
6038.27490908523,3.151398E-17
6040.27864155603,4.467048E-17
6042.28237402684,2.746063E-17
6044.28610649765,2.307514E-17
6046.28983896845,2.923811E-17
6048.29357143926,2.205479E-17
6050.29730391007,2.301643E-17
6052.30103638087,1.960522E-17
6054.30476885168,1.613037E-17
6056.30850132249,1.953547E-17
6058.3122337933,1.363385E-17
6060.3159662641,1.135757E-17
6062.31969873491,1.780292E-17
6064.32343120571,1.541312E-17
6066.32716367652,1.872557E-17
6068.33089614733,2.249811E-17
6070.33462861814,3.792179E-17
6072.33836108894,3.650297E-17
6074.34209355975,4.064637E-17
6076.34582603056,3.100543E-17
6078.34955850136,3.396034E-17
6080.35329097217,2.965079E-17
6082.35702344298,3.098225E-17
6084.36075591378,3.120579E-17
6086.36448838459,2.390188E-17
6088.3682208554,2.161613E-17
6090.3719533262,2.842413E-17
6092.37568579701,1.926131E-17
6094.37941826782,2.770097E-17
6096.38315073862,3.389820E-17
6098.38688320943,2.110164E-17
6100.39061568024,1.957639E-17
6102.39434815104,2.169155E-17
6104.39808062185,2.133085E-17
6106.40181309266,2.423497E-17
6108.40554556347,3.070715E-17
6110.40927803427,2.953586E-17
6112.41301050508,1.887648E-17
6114.41674297588,2.784625E-17
6116.42047544669,3.661259E-17
6118.4242079175,3.354363E-17
6120.42794038831,3.206946E-17
6122.43167285911,3.140601E-17
6124.43540532992,2.312192E-17
6126.43913780073,2.732567E-17
6128.44287027153,2.309534E-17
6130.44660274234,2.593430E-17
6132.45033521315,3.332261E-17
6134.45406768395,2.986191E-17
6136.45780015476,1.682879E-17
6138.46153262557,5.683388E-18
6140.46526509637,1.476503E-17
6142.46899756718,2.076951E-17
6144.47273003799,2.056895E-17
6146.47646250879,2.135995E-17
6148.4801949796,3.097515E-17
6150.48392745041,3.986205E-17
6152.48765992121,3.151871E-17
6154.49139239202,2.364073E-17
6156.49512486283,1.635150E-17
6158.49885733363,1.232527E-17
6160.50258980444,2.809582E-17
6162.50632227525,3.141189E-17
6164.51005474606,2.012700E-17
6166.51378721686,2.317222E-17
6168.51751968767,2.464770E-17
6170.52125215848,3.499397E-17
6172.52498462928,2.602730E-17
6174.52871710009,1.934065E-17
6176.5324495709,1.340882E-17
6178.5361820417,2.569134E-17
6180.53991451251,2.426606E-17
6182.54364698332,2.993664E-17
6184.54737945412,3.398660E-17
6186.55111192493,2.054724E-17
6188.55484439574,9.194000E-18
6190.55857686654,2.255074E-17
6192.56230933735,3.089763E-17
6194.56604180816,2.774684E-17
6196.56977427896,3.095068E-17
6198.57350674977,2.728139E-17
6200.57723922058,1.983386E-17
6202.58097169139,2.267401E-17
6204.58470416219,2.586784E-17
6206.588436633,2.796830E-17
6208.5921691038,2.491015E-17
6210.59590157461,1.266827E-17
6212.59963404542,1.336903E-17
6214.60336651623,1.868709E-17
6216.60709898703,1.013207E-17
6218.61083145784,2.103447E-17
6220.61456392865,3.429114E-17
6222.61829639945,2.515766E-17
6224.62202887026,1.085069E-17
6226.62576134107,1.780648E-17
6228.62949381187,1.884021E-17
6230.63322628268,1.909657E-17
6232.63695875349,2.604255E-17
6234.64069122429,2.165977E-17
6236.6444236951,2.602712E-17
6238.64815616591,3.381310E-17
6240.65188863671,2.823371E-17
6242.65562110752,1.958748E-17
6244.65935357833,2.335078E-17
6246.66308604913,2.174462E-17
6248.66681851994,1.969080E-17
6250.67055099075,1.909554E-17
6252.67428346155,1.407617E-17
6254.67801593236,1.597556E-17
6256.68174840317,1.774356E-17
6258.68548087398,3.025284E-17
6260.68921334478,2.906535E-17
6262.69294581559,1.590375E-17
6264.6966782864,2.584337E-17
6266.7004107572,2.942739E-17
6268.70414322801,2.683248E-17
6270.70787569882,3.353534E-17
6272.71160816962,2.387332E-17
6274.71534064043,2.433032E-17
6276.71907311124,2.186610E-17
6278.72280558204,2.492307E-17
6280.72653805285,2.471148E-17
6282.73027052366,1.794421E-17
6284.73400299446,2.450497E-17
6286.73773546527,3.893044E-17
6288.74146793608,2.626496E-17
6290.74520040688,1.005791E-17
6292.74893287769,1.402628E-17
6294.7526653485,3.368688E-17
6296.7563978193,8.383160E-17
6298.76013029011,1.085670E-16
6300.76386276092,9.953271E-17
6302.76759523172,9.844910E-17
6304.77132770253,7.704245E-17
6306.77506017334,4.476586E-17
6308.77879264414,2.512027E-17
6310.78252511495,3.712063E-17
6312.78625758576,3.119682E-17
6314.78999005656,1.970294E-17
6316.79372252737,1.503827E-17
6318.79745499818,2.660008E-17
6320.80118746899,2.367425E-17
6322.80491993979,1.561383E-17
6324.8086524106,2.981488E-17
6326.81238488141,2.599763E-17
6328.81611735221,2.576056E-17
6330.81984982302,1.150859E-17
6332.82358229383,1.456876E-17
6334.82731476463,2.154922E-17
6336.83104723544,1.403590E-17
6338.83477970625,1.760280E-17
6340.83851217705,2.155652E-17
6342.84224464786,1.634483E-17
6344.84597711867,1.861377E-17
6346.84970958947,2.666252E-17
6348.85344206028,1.502690E-17
6350.85717453109,3.795105E-18
6352.86090700189,1.812320E-17
6354.8646394727,2.205287E-17
6356.86837194351,2.192349E-17
6358.87210441432,3.318386E-17
6360.87583688512,2.401458E-17
6362.87956935593,2.116794E-17
6364.88330182673,2.055290E-17
6366.88703429754,2.023766E-17
6368.89076676835,2.801951E-17
6370.89449923916,2.822965E-17
6372.89823170996,2.268445E-17
6374.90196418077,2.247733E-17
6376.90569665158,3.072214E-17
6378.90942912238,1.928018E-17
6380.91316159319,2.437922E-17
6382.916894064,2.613495E-17
6384.9206265348,1.418275E-17
6386.92435900561,1.846136E-17
6388.92809147642,1.738799E-17
6390.93182394722,3.454054E-17
6392.93555641803,3.117907E-17
6394.93928888884,1.044039E-17
6396.94302135964,1.968585E-17
6398.94675383045,2.673352E-17
6400.95048630126,2.459432E-17
6402.95421877206,2.342107E-17
6404.95795124287,1.694684E-17
6406.96168371368,2.351786E-17
6408.96541618448,2.755219E-17
6410.96914865529,2.588058E-17
6412.9728811261,3.321196E-17
6414.9766135969,3.297442E-17
6416.98034606771,2.985211E-17
6418.98407853852,3.460939E-17
6420.98781100933,5.657663E-17
6422.99154348013,1.200222E-16
6424.99527595094,2.287490E-16
6426.99900842175,3.096009E-16
6429.00274089255,3.230140E-16
6431.00647336336,2.456531E-16
6433.01020583417,1.362901E-16
6435.01393830497,7.261897E-17
6437.01767077578,3.252597E-17
6439.02140324659,2.678647E-17
6441.02513571739,3.304377E-17
6443.0288681882,2.286856E-17
6445.03260065901,2.785321E-17
6447.03633312981,3.075114E-17
6449.04006560062,1.822464E-17
6451.04379807143,1.286609E-17
6453.04753054223,1.538743E-17
6455.05126301304,1.702958E-17
6457.05499548385,2.040210E-17
6459.05872795466,1.839102E-17
6461.06246042546,1.500121E-17
6463.06619289627,1.485933E-17
6465.06992536708,9.448659E-18
6467.07365783788,2.953910E-17
6469.07739030869,2.489848E-17
6471.0811227795,1.628225E-17
6473.0848552503,3.944290E-17
6475.08858772111,3.250096E-17
6477.09232019192,3.867121E-17
6479.09605266272,3.557678E-17
6481.09978513353,3.163783E-17
6483.10351760434,1.077081E-16
6485.10725007514,3.184585E-16
6487.11098254595,6.326778E-16
6489.11471501676,8.603139E-16
6491.11844748756,9.088976E-16
6493.12217995837,7.036462E-16
6495.12591242918,3.888361E-16
6497.12964489998,1.455928E-16
6499.13337737079,5.566110E-17
6501.1371098416,4.052464E-17
6503.1408423124,2.683410E-17
6505.14457478321,1.882423E-17
6507.14830725402,2.452345E-17
6509.15203972482,2.748041E-17
6511.15577219563,2.728489E-17
6513.15950466644,2.673820E-17
6515.16323713725,2.337457E-17
6517.16696960805,3.553125E-17
6519.17070207886,2.856738E-17
6521.17443454966,1.897130E-17
6523.17816702047,2.452499E-17
6525.18189949128,1.795791E-17
6527.18563196209,2.024328E-17
6529.18936443289,1.276679E-17
6531.1930969037,2.094514E-17
6533.19682937451,1.564622E-17
6535.20056184531,2.219461E-17
6537.20429431612,2.540714E-17
6539.20802678693,2.461582E-17
6541.21175925773,2.099023E-17
6543.21549172854,2.560382E-17
6545.21922419935,2.645016E-17
6547.22295667015,2.950775E-17
6549.22668914096,2.453175E-17
6551.23042161177,2.373659E-17
6553.23415408258,1.884274E-17
6555.23788655338,1.542666E-17
6557.24161902419,3.007060E-17
6559.24535149499,3.659408E-17
6561.2490839658,3.231570E-17
6563.25281643661,1.978555E-17
6565.25654890742,1.885130E-17
6567.26028137822,3.139610E-17
6569.26401384903,2.475351E-17
6571.26774631984,1.370810E-17
6573.27147879064,1.276457E-17
6575.27521126145,1.408488E-17
6577.27894373226,1.573137E-17
6579.28267620306,2.153395E-17
6581.28640867387,1.665174E-17
6583.29014114468,2.933676E-17
6585.29387361548,2.083789E-17
6587.29760608629,2.159423E-17
6589.3013385571,2.644096E-17
6591.3050710279,3.374891E-17
6593.30880349871,2.061120E-17
6595.31253596952,2.347387E-17
6597.31626844032,2.418323E-17
6599.32000091113,1.478090E-17
6601.32373338194,3.244071E-17
6603.32746585275,2.342208E-17
6605.33119832355,2.293679E-17
6607.33493079436,2.690545E-17
6609.33866326517,2.344844E-17
6611.34239573597,2.119997E-17
6613.34612820678,2.053686E-17
6615.34986067759,3.021395E-17
6617.35359314839,1.688113E-17
6619.3573256192,7.366557E-18
6621.36105809001,1.652204E-17
6623.36479056081,1.357060E-17
6625.36852303162,2.387937E-17
6627.37225550243,3.725551E-17
6629.37598797323,2.938919E-17
6631.37972044404,2.223445E-17
6633.38345291485,1.983113E-17
6635.38718538565,2.148387E-17
6637.39091785646,1.863453E-17
6639.39465032727,1.785195E-17
6641.39838279807,1.341759E-17
6643.40211526888,1.978444E-17
6645.40584773969,3.281512E-17
6647.40958021049,1.867624E-17
6649.4133126813,1.215680E-17
6651.41704515211,2.110905E-17
6653.42077762291,2.044289E-17
6655.42451009372,1.870740E-17
6657.42824256453,1.717146E-17
6659.43197503533,1.916708E-17
6661.43570750614,1.872850E-17
6663.43943997695,2.598306E-17
6665.44317244776,1.982133E-17
6667.44690491856,3.132837E-17
6669.45063738937,1.940521E-17
6671.45436986018,2.081899E-17
6673.45810233098,2.926993E-17
6675.46183480179,1.190141E-17
6677.4655672726,1.590831E-17
6679.4692997434,3.330052E-17
6681.47303221421,3.610333E-17
6683.47676468502,2.015037E-17
6685.48049715582,1.950115E-17
6687.48422962663,2.354119E-17
6689.48796209744,1.900580E-17
6691.49169456824,2.085078E-17
6693.49542703905,1.180969E-17
6695.49915950986,1.164815E-17
6697.50289198066,1.782441E-17
6699.50662445147,1.138420E-17
6701.51035692228,1.218441E-17
6703.51408939309,1.078453E-17
6705.51782186389,1.905125E-17
6707.5215543347,2.089386E-17
6709.52528680551,2.264613E-17
6711.52901927631,2.455513E-17
6713.53275174712,2.604906E-17
6715.53648421792,2.098375E-17
6717.54021668873,1.157745E-17
6719.54394915954,1.284356E-17
6721.54768163035,1.649471E-17
6723.55141410115,2.026480E-17
6725.55514657196,2.351917E-17
6727.55887904277,2.180862E-17
6729.56261151357,2.322470E-17
6731.56634398438,2.753927E-17
6733.57007645519,1.549723E-17
6735.57380892599,2.390676E-17
6737.5775413968,2.608362E-17
6739.58127386761,2.086227E-17
6741.58500633841,3.068559E-17
6743.58873880922,2.984441E-17
6745.59247128003,2.176488E-17
6747.59620375083,1.246834E-17
6749.59993622164,1.583987E-17
6751.60366869245,1.713164E-17
6753.60740116325,1.622679E-17
6755.61113363406,2.236127E-17
6757.61486610487,2.415464E-17
6759.61859857568,1.702397E-17
6761.62233104648,1.183419E-17
6763.62606351729,1.961342E-17
6765.6297959881,2.904040E-17
6767.6335284589,2.243834E-17
6769.63726092971,1.543529E-17
6771.64099340052,2.621812E-17
6773.64472587132,3.173583E-17
6775.64845834213,2.492387E-17
6777.65219081294,1.599168E-17
6779.65592328374,1.898497E-17
6781.65965575455,3.160061E-17
6783.66338822536,2.583109E-17
6785.66712069616,2.638455E-17
6787.67085316697,2.343779E-17
6789.67458563778,1.450332E-17
6791.67831810858,2.868794E-17
6793.68205057939,3.724988E-17
6795.6857830502,2.702591E-17
6797.689515521,2.462004E-17
6799.69324799181,2.240081E-17
6801.69698046262,2.996852E-17
6803.70071293342,2.356961E-17
6805.70444540423,1.990360E-17
6807.70817787504,1.535652E-17
6809.71191034584,2.108595E-17
6811.71564281665,1.862324E-17
6813.71937528746,1.945232E-17
6815.72310775827,2.675706E-17
6817.72684022907,2.545693E-17
6819.73057269988,1.926877E-17
6821.73430517068,2.321987E-17
6823.73803764149,9.622912E-18
6825.7417701123,1.189588E-17
6827.74550258311,2.069493E-17
6829.74923505391,1.713873E-17
6831.75296752472,2.059674E-17
6833.75669999553,2.532549E-17
6835.76043246633,2.246955E-17
6837.76416493714,1.178907E-17
6839.76789740795,1.692415E-17
6841.77162987875,2.503193E-17
6843.77536234956,2.077829E-17
6845.77909482037,2.557342E-17
6847.78282729117,2.043057E-17
6849.78655976198,1.723651E-17
6851.79029223279,2.893904E-17
6853.79402470359,2.168445E-17
6855.7977571744,1.685892E-17
6857.80148964521,3.041052E-17
6859.80522211601,4.214610E-17
6861.80895458682,4.022271E-17
6863.81268705763,2.853379E-17
6865.81641952844,1.724694E-17
6867.82015199924,1.070710E-17
6869.82388447005,2.603391E-17
6871.82761694085,3.356041E-17
6873.83134941166,2.432812E-17
6875.83508188247,7.243909E-18
6877.83881435328,2.374799E-17
6879.84254682408,2.821090E-17
6881.84627929489,2.048045E-17
6883.8500117657,1.752931E-17
6885.8537442365,2.545274E-17
6887.85747670731,3.143926E-17
6889.86120917812,1.853736E-17
6891.86494164892,2.402094E-17
6893.86867411973,1.950404E-17
6895.87240659054,3.045171E-17
6897.87613906134,2.443540E-17
6899.87987153215,1.582275E-17
6901.88360400296,1.659271E-17
6903.88733647376,2.808256E-17
6905.89106894457,2.199926E-17
6907.89480141538,1.992722E-17
6909.89853388618,1.781888E-17
6911.90226635699,1.366247E-17
6913.9059988278,2.538840E-17
6915.90973129861,2.374240E-17
6917.91346376941,2.444582E-17
6919.91719624022,3.188052E-17
6921.92092871103,2.424368E-17
6923.92466118183,2.037049E-17
6925.92839365264,1.908323E-17
6927.93212612345,1.795375E-17
6929.93585859425,1.663681E-17
6931.93959106506,1.692526E-17
6933.94332353587,2.100404E-17
6935.94705600667,1.749729E-17
6937.95078847748,1.402066E-17
6939.95452094829,1.122112E-17
6941.95825341909,8.757383E-18
6943.9619858899,2.243175E-17
6945.96571836071,3.594034E-17
6947.96945083151,1.596086E-17
6949.97318330232,1.480061E-17
6951.97691577313,2.892552E-17
6953.98064824393,2.382299E-17
6955.98438071474,1.652499E-17
6957.98811318555,2.043863E-17
6959.99184565635,3.273303E-17
6961.99557812716,1.711481E-17
6963.99931059797,9.314740E-18
6966.00304306877,8.576829E-18
6968.00677553958,2.298610E-17
6970.01050801039,2.216921E-17
6972.0142404812,2.005627E-17
6974.017972952,2.564334E-17
6976.02170542281,2.410212E-17
6978.02543789362,1.852435E-17
6980.02917036442,2.457705E-17
6982.03290283523,2.199844E-17
6984.03663530604,1.953545E-17
6986.04036777684,2.047919E-17
6988.04410024765,1.679703E-17
6990.04783271846,2.658380E-17
6992.05156518926,2.009148E-17
6994.05529766007,2.342490E-17
6996.05903013088,2.901173E-17
6998.06276260168,2.096399E-17
7000.06649507249,2.998238E-17
7002.0702275433,2.565829E-17
7004.07396001411,2.386401E-17
7006.07769248491,2.101143E-17
7008.08142495572,2.986206E-17
7010.08515742653,2.394115E-17
7012.08888989733,3.461464E-17
7014.09262236814,3.016346E-17
7016.09635483895,1.891299E-17
7018.10008730975,2.212902E-17
7020.10381978056,2.966784E-17
7022.10755225137,3.297642E-17
7024.11128472217,1.550821E-17
7026.11501719298,1.849051E-17
7028.11874966378,1.980348E-17
7030.12248213459,3.339892E-17
7032.1262146054,3.671671E-17
7034.12994707621,3.496429E-17
7036.13367954701,2.609536E-17
7038.13741201782,1.985418E-17
7040.14114448863,2.732071E-17
7042.14487695943,2.819135E-17
7044.14860943024,2.745377E-17
7046.15234190105,1.839653E-17
7048.15607437185,2.607737E-17
7050.15980684266,1.802221E-17
7052.16353931347,1.983160E-17
7054.16727178428,2.737747E-17
7056.17100425508,2.235776E-17
7058.17473672589,2.496982E-17
7060.1784691967,2.765694E-17
7062.1822016675,1.464333E-17
7064.18593413831,1.701135E-17
7066.18966660911,3.070786E-17
7068.19339907992,1.543442E-17
7070.19713155073,2.608660E-17
7072.20086402154,3.729118E-17
7074.20459649234,3.124660E-17
7076.20832896315,3.423560E-17
7078.21206143396,2.498402E-17
7080.21579390476,1.114708E-17
7082.21952637557,2.626235E-17
7084.22325884638,3.059085E-17
7086.22699131718,3.250924E-17
7088.23072378799,3.194396E-17
7090.2344562588,2.483305E-17
7092.23818872961,1.854140E-17
7094.24192120041,2.592861E-17
7096.24565367122,3.110982E-17
7098.24938614202,3.417891E-17
7100.25311861283,2.156578E-17
7102.25685108364,2.397048E-17
7104.26058355444,2.446930E-17
7106.26431602525,2.231020E-17
7108.26804849606,3.141802E-17
7110.27178096687,3.591100E-17
7112.27551343767,2.294437E-17
7114.27924590848,1.957386E-17
7116.28297837929,2.470186E-17
7118.28671085009,2.444992E-17
7120.2904433209,2.260526E-17
7122.29417579171,2.794025E-17
7124.29790826251,2.530101E-17
7126.30164073332,2.665882E-17
7128.30537320413,1.395014E-17
7130.30910567493,1.134267E-17
7132.31283814574,3.102269E-17
7134.31657061655,2.211391E-17
7136.32030308735,2.401593E-17
7138.32403555816,1.860373E-17
7140.32776802897,2.088644E-17
7142.33150049977,2.447616E-17
7144.33523297058,2.030609E-17
7146.33896544139,2.105338E-17
7148.3426979122,1.819320E-17
7150.346430383,1.254198E-17
7152.35016285381,1.907075E-17
7154.35389532462,2.258145E-17
7156.35762779542,2.846125E-17
7158.36136026623,2.858400E-17
7160.36509273704,2.081704E-17
7162.36882520784,3.032247E-17
7164.37255767865,1.729876E-17
7166.37629014946,1.735510E-17
7168.38002262026,3.347204E-17
7170.38375509107,3.986313E-17
7172.38748756188,1.339952E-17
7174.39122003268,9.364895E-18
7176.39495250349,2.681749E-17
7178.3986849743,3.214459E-17
7180.4024174451,1.511348E-17
7182.40614991591,1.733614E-17
7184.40988238672,2.973544E-17
7186.41361485752,2.415771E-17
7188.41734732833,2.014251E-17
7190.42107979914,2.117762E-17
7192.42481226994,1.989637E-17
7194.42854474075,2.024839E-17
7196.43227721156,1.943000E-17
7198.43600968236,1.989976E-17
7200.43974215317,1.854089E-17
7202.44347462398,1.468623E-17
7204.44720709478,2.407020E-17
7206.45093956559,2.157392E-17
7208.4546720364,2.173542E-17
7210.45840450721,1.783833E-17
7212.46213697801,8.528731E-18
7214.46586944882,1.641295E-17
7216.46960191963,2.522437E-17
7218.47333439043,3.473015E-17
7220.47706686124,2.366363E-17
7222.48079933205,1.921095E-17
7224.48453180285,2.553754E-17
7226.48826427366,1.888452E-17
7228.49199674447,3.408472E-17
7230.49572921527,2.634425E-17
7232.49946168608,2.679105E-17
7234.50319415689,2.263383E-17
7236.50692662769,3.514830E-18
7238.5106590985,3.464323E-17
7240.51439156931,3.628972E-17
7242.51812404011,4.193808E-17
7244.52185651092,4.078513E-17
7246.52558898173,2.613405E-17
7248.52932145254,7.853002E-18
7250.53305392334,1.201486E-17
7252.53678639415,1.829617E-17
7254.54051886495,1.324686E-17
7256.54425133576,3.094319E-17
7258.54798380657,3.765059E-17
7260.55171627737,2.667082E-17
7262.55544874818,2.464668E-17
7264.55918121899,2.536952E-17
7266.56291368979,2.634431E-17
7268.5666461606,2.737518E-17
7270.57037863141,3.296904E-17
7272.57411110222,2.934142E-17
7274.57784357302,1.781241E-17
